Unsaved Project - Workbench ((5.0, 3.0), (182.0, 5.0), (182.0, 19.0), (5.0, 18.0))
- ((1796.0, 6.0), (1812.0, 6.0), (1812.0, 17.0), (1796.0, 16.0))
X ((1887.0, 6.0), (1901.0, 5.0), (1901.0, 16.0), (1888.0, 17.0))
File ((12.0, 29.0), (37.0, 27.0), (37.0, 40.0), (13.0, 41.0))
View ((40.0, 27.0), (77.0, 28.0), (79.0, 40.0), (42.0, 40.0))
Tools ((87.0, 27.0), (124.0, 28.0), (124.0, 40.0), (87.0, 38.0))
Units Extensions ((124.0, 26.0), (235.0, 30.0), (234.0, 43.0), (124.0, 39.0))
Jobs ((242.0, 26.0), (277.0, 28.0), (277.0, 41.0), (242.0, 38.0))
Help ((282.0, 27.0), (316.0, 29.0), (316.0, 41.0), (282.0, 39.0))
Project ((126.0, 77.0), (184.0, 78.0), (184.0, 94.0), (126.0, 92.0))
Import ... ((14.0, 101.0), (74.0, 103.0), (74.0, 119.0), (14.0, 117.0))
Q Reconnect & Refresh Project > Update Project ((84.0, 101.0), (366.0, 101.0), (366.0, 117.0), (84.0, 117.0))
FACT Start Page ((367.0, 101.0), (466.0, 102.0), (466.0, 117.0), (367.0, 117.0))
oolbox ((10.0, 128.0), (47.0, 130.0), (47.0, 142.0), (9.0, 139.0))
Project Schematic ((260.0, 128.0), (344.0, 128.0), (344.0, 140.0), (260.0, 139.0))
¥ , X ((1867.0, 129.0), (1914.0, 128.0), (1914.0, 139.0), (1867.0, 139.0))
] Analysis Systems ((9.0, 149.0), (110.0, 149.0), (110.0, 164.0), (9.0, 165.0))
Coupled Field Harmonic ((11.0, 170.0), (151.0, 170.0), (151.0, 186.0), (11.0, 187.0))
Coupled Field Modal ((12.0, 187.0), (133.0, 187.0), (133.0, 204.0), (12.0, 205.0))
A ((384.0, 183.0), (393.0, 183.0), (392.0, 195.0), (383.0, 196.0))
Coupled Field Static ((34.0, 204.0), (132.0, 205.0), (132.0, 220.0), (34.0, 219.0))
1 ((297.0, 206.0), (315.0, 205.0), (315.0, 216.0), (297.0, 216.0))
Static Structural ((324.0, 204.0), (422.0, 209.0), (422.0, 221.0), (324.0, 216.0))
Coupled Field Transient ((10.0, 223.0), (153.0, 222.0), (153.0, 239.0), (10.0, 241.0))
> Eigenvalue Buckling ((8.0, 239.0), (136.0, 240.0), (136.0, 258.0), (7.0, 257.0))
2 6 ((299.0, 230.0), (335.0, 229.0), (335.0, 240.0), (299.0, 241.0))
Engineering Data ((337.0, 227.0), (458.0, 228.0), (457.0, 242.0), (337.0, 241.0))
@ Electric ((12.0, 258.0), (72.0, 259.0), (71.0, 276.0), (12.0, 275.0))
3 ((300.0, 252.0), (313.0, 252.0), (312.0, 261.0), (299.0, 262.0))
Geometry ((313.0, 249.0), (386.0, 249.0), (386.0, 264.0), (313.0, 264.0))
Au. Explicit Dynamics ((10.0, 278.0), (119.0, 277.0), (119.0, 293.0), (10.0, 294.0))
Model ((331.0, 272.0), (369.0, 273.0), (369.0, 283.0), (331.0, 282.0))
4 ((446.0, 277.0), (467.0, 278.0), (466.0, 290.0), (445.0, 289.0))
C Fluid Flow (CFX) ((10.0, 295.0), (118.0, 294.0), (118.0, 311.0), (10.0, 313.0))
5 | ((304.0, 294.0), (315.0, 293.0), (313.0, 303.0), (302.0, 303.0))
Setur ((339.0, 295.0), (367.0, 295.0), (366.0, 305.0), (339.0, 305.0))
Fluid Flow (Fluent with Fluent Meshing) ((27.0, 311.0), (228.0, 312.0), (228.0, 329.0), (27.0, 327.0))
Solutio ((339.0, 316.0), (374.0, 317.0), (374.0, 328.0), (339.0, 328.0))
@ Fluid Flow (Fluent) ((9.0, 330.0), (129.0, 331.0), (128.0, 348.0), (9.0, 347.0))
7 ((301.0, 339.0), (311.0, 338.0), (308.0, 348.0), (299.0, 349.0))
Results ((339.0, 338.0), (375.0, 339.0), (374.0, 349.0), (339.0, 349.0))
7 ((435.0, 335.0), (456.0, 335.0), (454.0, 349.0), (434.0, 349.0))
Fluid Flow (Polyflow) ((17.0, 348.0), (139.0, 348.0), (139.0, 366.0), (17.0, 366.0))
Bo Harmonic Acoustics ((11.0, 367.0), (129.0, 367.0), (129.0, 383.0), (11.0, 384.0))
Static Structural ((339.0, 362.0), (420.0, 363.0), (420.0, 374.0), (339.0, 373.0))
~ Harmonic Response ((9.0, 384.0), (132.0, 384.0), (132.0, 401.0), (9.0, 402.0))
Hydrodynamic Diffraction ((31.0, 404.0), (161.0, 404.0), (161.0, 417.0), (31.0, 416.0))
Hydrodynamic Response ((31.0, 422.0), (156.0, 422.0), (156.0, 437.0), (31.0, 436.0))
M. LS-DYNA ((11.0, 438.0), (79.0, 438.0), (79.0, 454.0), (11.0, 454.0))
Aus LS-DYNA Restart ((10.0, 457.0), (117.0, 457.0), (117.0, 473.0), (10.0, 473.0))
@ Magnetostatic ((10.0, 474.0), (104.0, 474.0), (105.0, 489.0), (10.0, 490.0))
" Modal ((18.0, 494.0), (67.0, 494.0), (67.0, 506.0), (18.0, 507.0))
Bo Modal Acoustics ((12.0, 513.0), (112.0, 512.0), (112.0, 526.0), (12.0, 528.0))
Motion ((13.0, 530.0), (73.0, 530.0), (74.0, 544.0), (13.0, 546.0))
Random Vibration ((30.0, 547.0), (123.0, 548.0), (123.0, 561.0), (30.0, 560.0))
il. Response Spectrum ((12.0, 566.0), (137.0, 566.0), (137.0, 579.0), (12.0, 580.0))
Rigid Dynamics ((11.0, 583.0), (112.0, 584.0), (112.0, 596.0), (11.0, 596.0))
Speos ((31.0, 603.0), (64.0, 603.0), (64.0, 614.0), (32.0, 614.0))
Bo Static Acoustics ((11.0, 620.0), (110.0, 621.0), (110.0, 634.0), (11.0, 633.0))
722 Static Structural ((11.0, 637.0), (112.0, 637.0), (112.0, 653.0), (11.0, 653.0))
W Steady-State Thermal ((11.0, 656.0), (146.0, 656.0), (146.0, 670.0), (11.0, 671.0))
Structural Optimization ((11.0, 671.0), (149.0, 673.0), (149.0, 688.0), (11.0, 687.0))
Substructure Generation ((11.0, 692.0), (158.0, 692.0), (158.0, 706.0), (11.0, 706.0))
50 Thermal-Electric ((12.0, 708.0), (116.0, 708.0), (116.0, 725.0), (12.0, 725.0))
Transient Structural ((30.0, 728.0), (132.0, 728.0), (132.0, 743.0), (30.0, 743.0))
Transient Thermal ((17.0, 746.0), (127.0, 746.0), (127.0, 760.0), (17.0, 760.0))
Turbomachinery Fluid Flow ((12.0, 764.0), (168.0, 764.0), (168.0, 777.0), (12.0, 778.0))
[] Component Systems ((9.0, 784.0), (126.0, 785.0), (126.0, 799.0), (9.0, 797.0))
# Custom Systems ((10.0, 804.0), (107.0, 806.0), (107.0, 820.0), (10.0, 818.0))
[+] Design Exploration ((7.0, 826.0), (117.0, 828.0), (117.0, 841.0), (6.0, 840.0))
+] ACT ((10.0, 849.0), (46.0, 849.0), (45.0, 860.0), (10.0, 859.0))
Progress ((262.0, 864.0), (302.0, 862.0), (302.0, 871.0), (262.0, 873.0))
A ((419.0, 884.0), (430.0, 883.0), (428.0, 893.0), (418.0, 894.0))
B ((1031.0, 884.0), (1042.0, 884.0), (1041.0, 893.0), (1031.0, 895.0))
C ((1714.0, 882.0), (1727.0, 882.0), (1725.0, 894.0), (1713.0, 894.0))
Status ((406.0, 904.0), (441.0, 905.0), (441.0, 917.0), (406.0, 916.0))
Details ((1019.0, 904.0), (1055.0, 905.0), (1055.0, 917.0), (1019.0, 916.0))
Progress ((1699.0, 904.0), (1743.0, 906.0), (1743.0, 918.0), (1698.0, 916.0))
View All / Customize .. ((130.0, 1037.0), (235.0, 1038.0), (235.0, 1050.0), (130.0, 1048.0))
Right-click to update component. ((20.0, 1060.0), (184.0, 1062.0), (184.0, 1074.0), (20.0, 1073.0))
MA Job Monitor ... ((1253.0, 1059.0), (1344.0, 1062.0), (1344.0, 1075.0), (1253.0, 1072.0))
OM No DPS Connection ((1355.0, 1061.0), (1471.0, 1062.0), (1471.0, 1074.0), (1355.0, 1073.0))
No HPC Platform Services Connection ((1490.0, 1060.0), (1680.0, 1062.0), (1680.0, 1076.0), (1490.0, 1075.0))
[m] Hide Progress ((1690.0, 1060.0), (1779.0, 1062.0), (1778.0, 1075.0), (1690.0, 1072.0))
Show 0 Messages ((1803.0, 1060.0), (1897.0, 1063.0), (1897.0, 1076.0), (1803.0, 1073.0))
